-0.420601 	 0.199767 	 0.064521 
0.120234 	 -1.266936 	 -0.769863 
-1.231383 	 0.251765 	 -0.219950 
-1.344067 	 0.130347 	 0.513502 
-1.358696 	 1.357681 	 -0.046400 
0.499691 	 -0.219934 	 -0.854385 
0.975179 	 0.199953 	 0.066324 
0.872788 	 -0.792384 	 0.432725 
1.846105 	 0.850167 	 -0.857845 
-0.263465 	 2.004776 	 0.929755 
1.396644 	 0.250294 	 -1.398433 
0.052938 	 -0.466598 	 0.875848 
0.973881 	 -0.037680 	 -0.151647 
-0.514206 	 0.392790 	 0.742992 
-0.276484 	 1.169343 	 -0.533086 
-0.240034 	 0.514169 	 0.917271 
0.434204 	 0.650988 	 0.165255 
0.215023 	 1.245109 	 -0.786391 
-0.185830 	 -0.188187 	 0.107691 
-0.280106 	 -0.778630 	 1.285260 
1.253248 	 0.087471 	 0.083032 
-0.575639 	 -0.418330 	 0.094216 
0.007095 	 -0.164285 	 0.414699 
-0.074167 	 1.870565 	 -2.106477 
0.075267 	 -0.041417 	 0.712083 
0.025381 	 1.250279 	 0.805730 
0.529266 	 0.470851 	 -0.022690 
1.112034 	 0.021830 	 0.236229 
0.029464 	 0.424652 	 2.447257 
0.345073 	 -1.241905 	 0.100102 
-1.179282 	 -0.831134 	 0.544422 
0.020053 	 1.335558 	 0.588814 
-0.472462 	 -0.009481 	 0.405525 
0.192580 	 0.014202 	 0.328384 
-0.791870 	 0.802724 	 0.312248 
-0.014203 	 0.128268 	 -0.347816 
0.124229 	 -1.283689 	 -0.913690 
0.949362 	 -1.283640 	 0.470250 
-0.898294 	 -0.254231 	 0.671198 
1.077475 	 -0.993104 	 -0.002168 
-0.775415 	 -0.327978 	 0.234882 
0.780507 	 -0.356288 	 -0.546017 
0.471702 	 -0.571598 	 -0.373766 
0.171700 	 -0.117074 	 -0.090181 
0.792405 	 1.025260 	 0.561559 
-1.177466 	 -0.725080 	 -0.239639 
-0.169144 	 0.490750 	 0.097203 
-0.281245 	 -1.415988 	 0.162277 
-0.220439 	 -0.667317 	 0.125144 
0.228737 	 0.154803 	 -0.608090 
1.074921 	 0.281845 	 -0.948274 
-0.267287 	 -0.438801 	 0.561854 
-0.281698 	 -0.613618 	 0.382636 
-0.881011 	 -0.060709 	 0.223457 
0.704466 	 -1.064620 	 1.109956 
-0.293053 	 0.232369 	 -0.568370 
-0.654849 	 -0.026572 	 1.434848 
-1.107769 	 -0.268069 	 1.011530 
0.995752 	 -0.064928 	 0.003397 
0.538873 	 -0.278699 	 0.202062 
-0.848816 	 -0.389448 	 -0.712667 
-0.460427 	 -0.057541 	 0.206074 
1.113546 	 0.111983 	 0.949495 
-0.107014 	 -1.967229 	 -0.091059 
-1.509123 	 0.402492 	 -1.412870 
-0.751712 	 0.396790 	 1.907888 
0.181655 	 -0.663924 	 -1.542486 
-0.900736 	 -0.541233 	 0.953131 
0.477521 	 -0.816684 	 -0.741958 
0.675451 	 1.620893 	 0.110150 
0.134235 	 -0.112570 	 0.829116 
0.470271 	 0.779781 	 0.194000 
0.401387 	 0.258117 	 -1.222224 
-0.842222 	 -0.093066 	 -1.298682 
-1.209871 	 -1.079230 	 0.485262 
0.897507 	 -0.854998 	 -0.158108 
-0.849023 	 0.834507 	 0.217530 
-0.298594 	 0.818179 	 0.478360 
-0.546144 	 -0.772724 	 -0.290608 
-0.272371 	 1.639423 	 -0.841421 
-1.168756 	 -0.634814 	 3.087869 
-0.119415 	 0.511601 	 -0.910620 
0.532182 	 -0.283653 	 0.110165 
-1.665048 	 -0.214383 	 0.084252 
-0.341106 	 -0.411419 	 0.550603 
1.279938 	 0.871619 	 -1.012220 
0.068863 	 -0.432555 	 0.727196 
-0.164194 	 -0.353678 	 -0.006862 
0.145509 	 -1.084576 	 0.467940 
0.357983 	 -0.206791 	 -0.920090 
-0.552604 	 0.586885 	 0.818649 
-0.738592 	 -0.493185 	 -1.833608 
0.920107 	 -0.388433 	 -0.827298 
-1.459408 	 -1.167965 	 -0.545112 
0.322588 	 -0.816643 	 0.982914 
1.790548 	 -0.638300 	 0.224832 
0.703045 	 -0.626184 	 0.592937 
0.228209 	 0.062954 	 -1.285037 
-1.495884 	 -0.246659 	 0.359930 
-1.540214 	 0.082975 	 -0.072427 
0.589255 	 -1.015336 	 -0.918763 
0.277058 	 -0.640415 	 0.626516 
-1.204779 	 0.374825 	 0.322895 
-0.689460 	 -0.599285 	 -1.938331 
0.018379 	 -1.315570 	 2.267344 
0.087575 	 0.402260 	 -1.567749 
0.262743 	 0.809760 	 -0.492618 
-0.308504 	 0.015133 	 -0.203919 
0.179189 	 -0.306740 	 0.562796 
-0.340184 	 0.490870 	 0.314860 
0.219887 	 0.301682 	 1.134914 
-0.655140 	 0.310380 	 0.706727 
-1.188578 	 -0.273407 	 1.167051 
0.307314 	 -1.991290 	 -0.042605 
1.201613 	 -2.158064 	 -0.858700 
-0.361757 	 -0.228773 	 1.134898 
0.180580 	 -0.278744 	 -0.201765 
-0.214822 	 0.228277 	 0.771825 
0.980319 	 0.960564 	 0.765744 
0.364894 	 1.847440 	 -0.100199 
0.405966 	 -0.853411 	 0.432878 
-0.864154 	 0.126005 	 -0.984155 
0.920653 	 -0.163910 	 -1.556273 
-0.429421 	 -0.437903 	 -0.184004 
-0.380238 	 0.107534 	 -0.623466 
1.354985 	 -0.367770 	 -0.687884 
0.533983 	 -0.034599 	 -1.997202 
-0.339270 	 0.436949 	 -0.074788 
-0.818174 	 2.130271 	 -2.818857 
-0.370592 	 -0.515748 	 0.873320 
-1.568334 	 0.349059 	 0.007038 
-0.563015 	 1.827211 	 0.174665 
0.023613 	 0.625712 	 -0.130071 
0.556459 	 0.453393 	 0.173249 
0.067998 	 0.479349 	 -0.165200 
1.452767 	 0.538925 	 0.039660 
-0.466289 	 -0.958049 	 -0.406719 
0.566045 	 -1.356031 	 -0.966987 
1.276277 	 0.236919 	 -0.807650 
1.195749 	 0.467057 	 -2.224388 
0.252552 	 0.595669 	 -1.251497 
-1.646586 	 -1.665604 	 0.304383 
-0.260244 	 0.269506 	 1.866350 
0.402876 	 0.275987 	 -1.020340 
-0.272091 	 -0.768495 	 -0.525469 
0.037009 	 -0.392041 	 0.914395 
-0.447243 	 0.617337 	 0.184637 
-0.486000 	 -0.674416 	 -0.935106 
0.724032 	 -0.496086 	 0.993531 
0.240081 	 -0.024789 	 -0.838840 
1.000753 	 0.353264 	 -0.185913 
-0.383663 	 0.759204 	 -1.533363 
0.532256 	 -0.445210 	 -0.618699 
0.023807 	 -0.500086 	 0.144921 
0.578124 	 -0.626587 	 0.041543 
1.174978 	 0.222299 	 -1.061457 
-0.811520 	 0.662496 	 0.817318 
0.651753 	 0.019973 	 -0.829107 
-0.185720 	 0.805781 	 -0.407983 
-0.219089 	 -1.024553 	 0.159916 
-1.289934 	 0.949299 	 -0.697244 
0.338517 	 0.335775 	 0.479842 
2.349155 	 0.505151 	 -0.356926 
1.505559 	 0.059327 	 1.092444 
1.488806 	 -0.448946 	 0.445374 
-0.120496 	 0.419618 	 0.231666 
-0.363368 	 -1.194297 	 -0.732740 
-0.697994 	 0.965894 	 0.441781 
-0.709547 	 -0.807949 	 -0.922966 
-0.904511 	 1.206080 	 0.621306 
0.407847 	 -0.187196 	 -1.055447 
0.640473 	 0.188879 	 0.693954 
0.862988 	 0.865116 	 1.167385 
0.506789 	 -1.009760 	 -1.101965 
0.619162 	 0.231276 	 2.193649 
0.295746 	 -1.872578 	 0.241453 
-0.456890 	 -1.871136 	 -1.159248 
0.416231 	 0.291217 	 -0.318355 
1.882805 	 -0.757675 	 1.054751 
0.259364 	 0.297649 	 1.311142 
0.253573 	 0.546435 	 0.937199 
-0.385000 	 -0.040494 	 0.577944 
-0.430650 	 -0.076849 	 -0.474716 
-0.202348 	 -0.717316 	 2.577443 
1.058723 	 -0.147301 	 -0.199241 
-0.222980 	 1.205613 	 0.501715 
1.899523 	 -0.997806 	 1.433023 
0.493414 	 -1.287245 	 0.726671 
1.097586 	 0.709776 	 -0.965512 
0.375762 	 1.152734 	 0.554462 
-0.934389 	 -0.224994 	 -0.957830 
-0.732894 	 -0.323810 	 -1.475037 
-0.313242 	 0.793162 	 -0.704734 
-0.692623 	 0.282719 	 -0.698448 
0.311297 	 1.437999 	 -1.529838 
-1.152527 	 0.435930 	 1.485442 
-0.666368 	 0.039317 	 -1.478319 
0.197771 	 -1.238075 	 -0.710158 
-1.836807 	 0.238339 	 -0.137245 
-0.285923 	 -1.022721 	 -1.183270 
-0.461202 	 -0.095021 	 0.741927 
-0.463957 	 -0.410866 	 -0.104263 
-0.474631 	 0.737774 	 -0.175286 
0.838539 	 -0.565624 	 -0.358484 
0.358656 	 0.098912 	 0.811174 
-0.555247 	 0.268089 	 0.807337 
0.518506 	 -0.216656 	 0.440504 
1.684544 	 -0.487269 	 -0.709999 
0.047746 	 -0.078968 	 -0.854840 
1.368493 	 0.398288 	 -0.998510 
0.262271 	 -0.347602 	 0.262058 
-0.261158 	 0.305059 	 2.088545 
1.260119 	 1.373935 	 -0.842680 
-0.622774 	 -1.250450 	 -1.218184 
-1.901640 	 0.531826 	 1.215439 
0.460212 	 1.414085 	 0.766305 
1.169487 	 0.637932 	 0.114456 
-1.567388 	 -0.462204 	 -0.872540 
-0.181231 	 1.230632 	 -0.435643 
0.292773 	 -0.404463 	 0.392717 
1.076957 	 -1.230349 	 1.875986 
0.627033 	 -1.010151 	 -0.855404 
-0.099671 	 0.367327 	 -0.818065 
-1.168903 	 -0.420087 	 -0.720746 
-0.648889 	 -1.095093 	 0.403750 
0.107129 	 2.629452 	 0.596377 
-0.085238 	 1.586545 	 -0.213950 
-0.102001 	 0.025368 	 0.161800 
0.642718 	 -0.586846 	 -1.212012 
1.243687 	 -0.298188 	 0.032105 
-0.788392 	 -0.100411 	 -0.274321 
-0.771372 	 0.004411 	 -0.705007 
0.755579 	 -1.047188 	 1.950622 
0.136252 	 -2.106792 	 -1.203556 
-2.059339 	 0.888232 	 -0.067943 
-0.586195 	 -0.190354 	 0.214297 
-1.136775 	 -0.913464 	 1.254108 
-0.518615 	 -0.618798 	 0.103142 
-0.679140 	 -0.811501 	 1.371393 
0.041136 	 -1.197365 	 0.331335 
0.351843 	 -0.769150 	 -0.922722 
0.933547 	 2.013852 	 -0.531199 
-0.221597 	 -0.124749 	 -0.153219 
-0.989611 	 1.299186 	 -0.501482 
2.044813 	 -0.777374 	 -0.710709 
-0.532775 	 0.235554 	 0.492173 
-0.312923 	 0.939012 	 -1.270782 
-0.828379 	 0.022247 	 2.020263 
-1.311555 	 -0.517122 	 -0.748281 
-0.008633 	 0.754722 	 1.174971 
-0.038371 	 0.271223 	 -0.075608 
-0.234570 	 -0.319485 	 0.830321 
-0.235724 	 0.386269 	 -0.562981 
-0.287799 	 -0.047954 	 -1.957265 
-0.370649 	 -0.867834 	 -0.714315 
-1.007352 	 1.413696 	 0.109269 
1.340862 	 0.157736 	 -1.454517 
0.556363 	 1.529862 	 -0.403077 
-0.838261 	 -0.251884 	 -0.208054 
-0.077773 	 0.013887 	 -0.633152 
-0.512895 	 1.636216 	 0.441165 
0.562256 	 0.311845 	 0.715582 
-0.695408 	 0.955839 	 0.939810 
0.541629 	 0.093567 	 -1.793616 
1.881694 	 1.481046 	 -0.658288 
0.634290 	 0.281517 	 -2.207290 
-0.096212 	 -1.228577 	 1.023980 
0.724629 	 -0.494267 	 0.132435 
-0.654299 	 0.266652 	 0.521824 
0.066783 	 0.439679 	 1.112987 
1.472219 	 1.089225 	 0.151568 
-0.493261 	 1.127525 	 0.974948 
-0.007836 	 -0.110331 	 0.747834 
1.448663 	 0.918372 	 -1.276653 
0.682170 	 -0.771904 	 0.396782 
0.832302 	 -0.088440 	 0.632607 
0.247316 	 -0.221644 	 -0.357081 
0.331356 	 0.924157 	 0.963895 
-0.066718 	 0.014998 	 0.782000 
0.331472 	 -0.737381 	 1.120053 
1.133368 	 0.129111 	 0.383509 
-0.201622 	 -2.337619 	 0.319590 
1.414324 	 -0.797713 	 -0.054839 
1.195315 	 -0.160616 	 0.363615 
0.893220 	 -2.192584 	 -0.902892 
-1.047878 	 -1.298538 	 0.398908 
-0.755730 	 -0.973468 	 2.092502 
0.689329 	 0.291344 	 0.669972 
0.477922 	 0.301020 	 0.810615 
-0.740639 	 1.547695 	 -0.254725 
-0.483442 	 -0.141944 	 -1.004072 
-0.219936 	 0.209627 	 1.177747 
0.092052 	 0.757977 	 -0.092809 
-0.115496 	 -0.367176 	 0.787141 
-0.189880 	 0.446056 	 0.365723 
-0.476267 	 0.529985 	 -1.183519 
-1.501401 	 0.892737 	 -0.157643 
-0.447846 	 0.479822 	 -1.639211 
0.185406 	 -1.072594 	 -0.001621 
-0.241679 	 -0.337912 	 -0.428416 
-0.072764 	 0.150003 	 -1.660836 
-0.262790 	 1.144837 	 -1.185028 
-0.876066 	 0.391512 	 0.642885 
-0.913300 	 -0.207837 	 -0.131934 
0.410499 	 0.810384 	 -0.714553 
-0.686460 	 0.062168 	 1.730439 
-1.186666 	 -1.243100 	 -0.199020 
2.370839 	 0.813780 	 0.925114 
-0.246336 	 -1.124265 	 -1.050859 
0.278700 	 -0.511141 	 -0.701477 
2.266527 	 0.495635 	 0.601032 
2.616999 	 -0.487752 	 0.744758 
-1.848798 	 -0.014633 	 0.958000 
0.909897 	 -0.589815 	 0.365998 
-1.754043 	 -0.109111 	 -0.121074 
0.622101 	 0.603446 	 -0.529943 
0.012111 	 -0.472446 	 1.797233 
0.762576 	 0.460808 	 1.042168 
-1.397313 	 1.724625 	 0.712653 
0.741255 	 0.743536 	 0.649758 
-0.083980 	 -0.423580 	 -0.711107 
-0.277749 	 -0.955129 	 -0.653977 
1.131749 	 0.831957 	 1.457673 
-0.303683 	 0.818388 	 -0.677765 
-0.338487 	 0.338873 	 -0.650904 
-0.699167 	 1.405600 	 0.780093 
0.239466 	 1.339140 	 0.743967 
0.996261 	 1.517626 	 -0.059385 
1.260457 	 0.015167 	 0.114815 
0.599367 	 0.126515 	 -0.178319 
0.229106 	 1.502817 	 -1.429064 
0.407819 	 0.640007 	 -0.034474 
-1.368334 	 0.044416 	 0.289509 
-0.464576 	 0.816062 	 1.011395 
0.591213 	 0.414074 	 1.432698 
0.163314 	 0.488352 	 -0.270086 
-1.352898 	 1.159762 	 0.500055 
0.970354 	 -0.587975 	 1.715311 
-0.794343 	 -0.421543 	 0.295117 
0.620850 	 -0.131702 	 1.616799 
-0.244451 	 -0.520519 	 -0.967932 
-0.048259 	 1.731712 	 0.217795 
-0.020348 	 -0.371115 	 -0.120226 
-0.393994 	 -1.152516 	 0.942934 
0.840998 	 -1.348140 	 -0.513138 
0.827454 	 -1.830549 	 -0.970075 
-0.092842 	 0.993635 	 1.027334 
-0.366286 	 -0.659003 	 0.282272 
0.935146 	 -0.585257 	 -0.109848 
0.516268 	 0.688812 	 -0.261428 
1.033526 	 -0.770712 	 0.306229 
-0.403252 	 0.504739 	 -0.865593 
-1.648620 	 0.813634 	 0.688402 
-0.859412 	 2.000516 	 -1.437564 
0.404618 	 -1.289545 	 0.109221 
0.356480 	 0.365309 	 -0.979004 
-0.365346 	 0.297720 	 -0.809202 
-0.168678 	 -1.564198 	 -0.161036 
0.488478 	 0.235931 	 0.635591 
1.296743 	 -0.714302 	 -1.175972 
0.470147 	 0.246038 	 0.685734 
0.495203 	 -0.786590 	 0.833326 
-0.335470 	 -0.108851 	 -1.196335 
0.881214 	 -0.167592 	 -0.356475 
1.816862 	 0.230583 	 0.943318 
0.324493 	 1.636753 	 -0.124281 
-1.167604 	 -0.225385 	 -0.174736 
-0.343111 	 -0.016687 	 -0.128306 
0.116466 	 -0.291098 	 -0.952795 
-0.982344 	 0.732676 	 1.006687 
-0.112114 	 0.484515 	 0.374263 
0.632679 	 1.042242 	 -0.380297 
-0.588866 	 0.458283 	 -0.227564 
-0.142629 	 -0.045376 	 -0.167996 
-0.596716 	 0.921160 	 -1.559463 
0.327637 	 0.048584 	 1.553261 
-0.798144 	 0.527087 	 -0.550864 
-0.373788 	 0.361430 	 0.794459 
-0.916869 	 -1.321185 	 -0.073592 
-2.240981 	 0.625936 	 0.193734 
0.198211 	 0.318048 	 0.189518 
-0.565411 	 -0.829682 	 0.477899 
-0.346756 	 -0.368747 	 1.260333 
0.469604 	 0.727657 	 0.100935 
-1.550384 	 -0.325740 	 -0.905820 
0.289422 	 -0.348926 	 -0.386135 
0.710585 	 0.907137 	 0.995796 
-0.061198 	 -1.162896 	 -1.408253 
-0.580296 	 0.896077 	 0.712573 
-0.220181 	 1.042964 	 0.860679 
0.560710 	 -1.633861 	 0.772497 
-1.573947 	 -3.095875 	 -1.031249 
-1.066302 	 0.034522 	 0.021552 
-1.029227 	 0.941952 	 0.938802 
-0.356469 	 0.521726 	 0.959224 
1.666264 	 0.232352 	 0.374060 
-0.542687 	 -0.106993 	 0.890140 
-0.744615 	 -0.836581 	 -1.443712 
-0.786003 	 -0.172177 	 -0.773762 
-0.596620 	 -0.199619 	 0.244000 
-1.188390 	 -0.363590 	 0.399788 
0.979868 	 0.266878 	 -0.785302 
1.089045 	 1.533746 	 -1.104778 
-0.802100 	 -0.755082 	 -0.772268 
0.632329 	 -2.112413 	 -1.400926 
-0.628925 	 1.826399 	 0.011031 
-0.400375 	 -0.438901 	 0.811418 
2.083996 	 0.124376 	 -0.171163 
-0.374733 	 -0.033724 	 0.079923 
-0.736343 	 -1.391778 	 -0.524285 
-0.224614 	 2.125829 	 0.906848 
-0.127672 	 -1.111941 	 0.557700 
-0.364750 	 -0.458537 	 -0.068790 
-0.647079 	 -0.779115 	 -0.457556 
-0.268709 	 1.844275 	 1.363376 
0.979215 	 -1.212389 	 0.557400 
1.024606 	 -0.041163 	 -0.095029 
0.653383 	 -1.075666 	 -0.497923 
-0.579134 	 -0.099812 	 0.004240 
0.044177 	 0.633375 	 0.008277 
-0.356234 	 -0.055068 	 0.105336 
-1.705481 	 0.224444 	 -1.521867 
0.091362 	 -0.518033 	 1.152905 
-0.782409 	 -1.130864 	 -0.476546 
0.201420 	 -1.048102 	 -0.099616 
0.183604 	 0.675341 	 -0.551821 
0.111581 	 1.174154 	 -0.427575 
0.378582 	 0.798031 	 -0.731375 
0.058186 	 -0.061038 	 -0.304150 
-0.633221 	 1.002378 	 -0.336868 
1.469083 	 1.748558 	 1.300755 
0.752589 	 0.378630 	 -0.465891 
0.889186 	 0.280989 	 -0.099924 
0.657701 	 -0.893888 	 -0.301184 
0.788662 	 -0.548995 	 -0.637045 
0.259168 	 1.046411 	 -0.343657 
-1.247549 	 -0.977949 	 -0.803973 
-2.283236 	 0.269683 	 -0.819756 
0.270484 	 -0.796992 	 -0.749369 
0.108922 	 -1.037070 	 0.451629 
-1.561678 	 -1.569938 	 0.797179 
-0.204449 	 -0.640818 	 1.398470 
0.405969 	 -0.462757 	 -0.081286 
0.437337 	 -0.087657 	 0.407713 
-0.533535 	 0.050970 	 -1.438435 
0.833727 	 -0.554256 	 0.391269 
-0.710094 	 -0.490955 	 1.537245 
0.399317 	 0.197422 	 0.970966 
1.140973 	 0.336307 	 -1.372699 
1.577554 	 0.043358 	 0.982964 
0.104218 	 1.172815 	 0.318510 
1.309769 	 1.178668 	 -0.772613 
0.344269 	 1.076682 	 -1.187445 
-0.690558 	 -0.999452 	 -0.597953 
-1.255390 	 0.531311 	 0.541234 
-0.505568 	 -0.164573 	 -0.161728 
1.347277 	 -1.272174 	 0.047211 
0.393696 	 0.655372 	 0.077483 
-0.687918 	 0.398589 	 -1.151293 
-0.337600 	 -0.024795 	 -0.484228 
-1.090144 	 -2.001276 	 0.158366 
0.725856 	 0.364797 	 0.818474 
-0.548882 	 -1.701541 	 0.958229 
0.914311 	 -0.628849 	 0.647622 
0.957691 	 0.844203 	 -0.976115 
0.759279 	 -1.753352 	 1.297441 
1.240325 	 0.036863 	 -0.342049 
-0.477454 	 -0.273132 	 -1.253065 
-1.052672 	 0.738107 	 1.917117 
0.306660 	 -0.950796 	 -1.247843 
0.149869 	 1.183931 	 -0.796487 
-2.036333 	 0.875198 	 -0.548250 
0.668884 	 -1.342416 	 -0.877005 
0.487622 	 0.377234 	 1.341266 
-0.300992 	 1.458093 	 -0.912608 
-0.895248 	 1.219895 	 -0.537866 
-0.781631 	 0.266147 	 0.663396 
0.471021 	 1.487279 	 0.032886 
-0.862170 	 -0.220140 	 0.904487 
-1.484016 	 -1.012636 	 0.260489 
0.168863 	 0.136027 	 1.305817 
-0.016787 	 0.537384 	 0.132898 
-0.065775 	 -1.655951 	 -0.262593 
0.469606 	 1.886082 	 -0.969096 
-0.040052 	 0.886727 	 -1.058516 
0.114327 	 -0.207998 	 1.385278 
1.033511 	 -0.239184 	 -0.507816 
-0.646072 	 0.802332 	 0.568372 
-0.407918 	 -0.623325 	 0.941897 
-0.667777 	 -0.164811 	 -0.087829 
-0.315953 	 0.119240 	 0.485512 
0.625003 	 -1.811471 	 -0.556994 
-1.586183 	 -0.221518 	 1.221824 
0.440767 	 0.492250 	 -0.488682 
0.305730 	 0.006922 	 -2.047649 
1.020981 	 0.065613 	 0.094426 
-1.612563 	 -0.004143 	 -0.202001 
0.489032 	 -0.097992 	 -0.316053 
-0.894311 	 1.230513 	 0.037218 
0.336485 	 -0.835313 	 -0.764257 
1.999782 	 0.827128 	 -1.271151 
-0.431071 	 -0.178488 	 0.615296 
-0.373811 	 0.981842 	 0.058379 
-0.980421 	 -0.355874 	 1.133279 
0.870548 	 0.474366 	 -0.920741 
-0.810072 	 -0.049639 	 -0.609608 
-0.666513 	 -1.844812 	 -0.869158 
0.035014 	 -0.175425 	 0.522075 
1.000268 	 -0.677982 	 -0.678271 
0.592035 	 -0.815299 	 1.763320 
-0.032458 	 -0.765777 	 -0.038217 
-1.095845 	 0.829512 	 -1.251874 
