0.721365	0.721365	0.721365
2.164096	0.721365	0.721365
3.606826	0.721365	0.721365
0.721365	2.164096	0.721365
2.164096	2.164096	0.721365
3.606826	2.164096	0.721365
0.721365	3.606826	0.721365
2.164096	3.606826	0.721365
3.606826	3.606826	0.721365
0.721365	0.721365	2.164096
2.164096	0.721365	2.164096
3.606826	0.721365	2.164096
0.721365	2.164096	2.164096
2.164096	2.164096	2.164096
3.606826	2.164096	2.164096
0.721365	3.606826	2.164096
2.164096	3.606826	2.164096
3.606826	3.606826	2.164096
0.721365	0.721365	3.606826
2.164096	0.721365	3.606826
3.606826	0.721365	3.606826
0.721365	2.164096	3.606826
2.164096	2.164096	3.606826
3.606826	2.164096	3.606826
0.721365	3.606826	3.606826
2.164096	3.606826	3.606826
3.606826	3.606826	3.606826

